it0 1 5 0.5 1
it1 2 5 0.5 1
it2 3 5 0.5 1
it3 4 5 0.5 1
il0 0 4.5 1 0.5 
il1 0 3.5 1 0.5 
il2 0 2.5 1 0.5 
il3 0 1.5 1 0.5 
ir0 5 4.5 1 0.5 
ir1 5 3.5 1 0.5 
ir2 5 2.5 1 0.5 
ir3 5 1.5 1 0.5 
ib0 1 0 0.5 1
ib1 2 0 0.5 1
ib2 3 0 0.5 1
ib3 4 0 0.5 1
ot0 1.5 5 0.5 1
ot1 2.5 5 0.5 1
ot2 3.5 5 0.5 1
ot3 4.5 5 0.5 1
ol0 0 4 1 0.5 
ol1 0 3 1 0.5 
ol2 0 2 1 0.5 
ol3 0 1 1 0.5 
or0 5 4 1 0.5 
or1 5 3 1 0.5 
or2 5 2 1 0.5 
or3 5 1 1 0.5 
ob0 1.5 0 0.5 1
ob1 2.5 0 0.5 1
ob2 3.5 0 0.5 1
ob3 4.5 0 0.5 1
n0_0 1 4 1 1
n0_1 2 4 1 1
n0_2 3 4 1 1
n0_3 4 4 1 1
n1_0 1 3 1 1
n1_1 2 3 1 1
n1_2 3 3 1 1
n1_3 4 3 1 1
n2_0 1 2 1 1
n2_1 2 2 1 1
n2_2 3 2 1 1
n2_3 4 2 1 1
n3_0 1 1 1 1
n3_1 2 1 1 1
n3_2 3 1 1 1
n3_3 4 1 1 1
